-1.056256741285324097e-01
-4.432819411158561707e-02
1.566762477159500122e-01
1.429242491722106934e-01
1.741999685764312744e-01
-4.686983674764633179e-02
-2.286121249198913574e-01
-3.325146138668060303e-01
1.110995281487703323e-02
-2.184135094285011292e-02
-1.422522217035293579e-01
-9.197690337896347046e-02
-2.671509573701769114e-04
4.001611843705177307e-02
-6.857345812022686005e-03
1.775470227003097534e-01
-1.429401487112045288e-01
3.947199583053588867e-01
-8.514583110809326172e-03
-2.018085420131683350e-01
1.364220865070819855e-02
1.218409393914043903e-03
1.732247322797775269e-01
1.063591688871383667e-01
1.534886509180068970e-01
5.396159291267395020e-01
5.072263255715370178e-02
5.643514394760131836e-01
-4.617742449045181274e-02
1.820608507841825485e-03
1.100197434425354004e-01
4.485319554805755615e-01
-9.618214517831802368e-02
4.606851562857627869e-02
-2.877900898456573486e-01
-3.714912384748458862e-02
7.770735770463943481e-02
-7.134912535548210144e-03
8.743303269147872925e-02
2.860812237486243248e-03
2.274782806634902954e-01
-4.430522769689559937e-02
1.028765961527824402e-01
2.447973489761352539e-01
8.114212751388549805e-02
-2.910074964165687561e-02
-7.937584072351455688e-02
1.011990159749984741e-01
-3.028837777674198151e-02
1.539217382669448853e-01
-7.516331225633621216e-02
1.209713667631149292e-01
1.877522468566894531e-01
-2.212836295366287231e-01
4.054758697748184204e-02
-2.373137921094894409e-01
-1.103535667061805725e-02
-1.630164869129657745e-02
-1.642974615097045898e-01
-9.420114010572433472e-02
1.330008506774902344e-01
2.378864139318466187e-01
-1.043192693032324314e-03
-2.495127730071544647e-02
