-6.656949967145919800e-02
-1.088709570467472076e-03
4.146007075905799866e-02
-1.484112162142992020e-02
3.950009122490882874e-02
-4.644342232495546341e-03
7.437400519847869873e-02
-8.618180640041828156e-03
-6.975047290325164795e-02
-1.276231091469526291e-02
-2.576259896159172058e-03
-2.065517473965883255e-03
-3.056837944313883781e-03
-4.500017501413822174e-03
-2.423756383359432220e-02
-8.948354423046112061e-02
2.786537073552608490e-02
-7.933916524052619934e-03
1.877325177192687988e-01
4.289969056844711304e-02
-3.246807493269443512e-03
-4.957696000928990543e-05
7.375016808509826660e-02
-8.939500898122787476e-03
-5.101838707923889160e-02
3.413601592183113098e-02
-2.005633898079395294e-02
-2.497513312846422195e-03
-1.736179441213607788e-01
-1.337347626686096191e-01
-1.595224253833293915e-03
5.517872422933578491e-02
