7.513130083680152893e-03 1.629159972071647644e-02 -9.099113941192626953e-02 -1.302131917327642441e-02 2.528430707752704620e-02 2.807233333587646484e-01
-3.115059137344360352e-01 -2.241588234901428223e-01 -3.257875740528106689e-01 7.388722151517868042e-03 -6.387317180633544922e-02 3.625434637069702148e-02
5.275442600250244141e-01 -4.970731958746910095e-02 -2.531754076480865479e-01 7.572086900472640991e-02 -2.115202844142913818e-01 4.216586053371429443e-02
-1.430943422019481659e-02 -2.192493826150894165e-01 3.435820937156677246e-01 1.415958553552627563e-01 -3.563017249107360840e-01 1.631515771150588989e-01
5.685286521911621094e-01 1.608051955699920654e-01 1.690795272588729858e-01 2.411054968833923340e-01 1.102488562464714050e-01 -1.722387820482254028e-01
-4.451607763767242432e-01 7.583624124526977539e-02 1.877296715974807739e-01 7.828314602375030518e-02 5.134270787239074707e-01 -1.670655310153961182e-01
7.361172884702682495e-02 -1.239942014217376709e-01 -2.087031491100788116e-02 -1.184479445219039917e-01 2.689367234706878662e-01 3.820540755987167358e-02
-1.376475244760513306e-01 -8.239104598760604858e-02 -2.583321332931518555e-01 1.925165355205535889e-01 -1.906546950340270996e-02 1.979018747806549072e-01
7.371115684509277344e-02 -3.176414668560028076e-01 -4.560948610305786133e-01 7.643152773380279541e-02 -3.064738400280475616e-02 -1.097724866122007370e-02
5.096472427248954773e-02 3.446075692772865295e-02 2.304140478372573853e-02 -2.043065242469310760e-02 -1.864678040146827698e-02 -1.538270991295576096e-02
-2.464853376150131226e-01 4.704250097274780273e-01 2.816886901855468750e-01 -1.428500562906265259e-01 -5.041514337062835693e-02 1.013967469334602356e-01
5.978810787200927734e-01 1.801192387938499451e-02 -1.044334471225738525e-01 -2.493483573198318481e-01 6.356199830770492554e-02 4.088932275772094727e-02
1.052279367286246270e-05 7.863583596190437675e-05 -1.618892565602436662e-04 1.060690046870149672e-04 2.237100125057622790e-05 8.352699660463258624e-05
-1.491241753101348877e-01 -1.942951828241348267e-01 -3.739405572414398193e-01 -1.151801738888025284e-02 -7.001490145921707153e-02 -1.742953248322010040e-02
4.166000336408615112e-02 -5.342698097229003906e-02 8.058572188019752502e-03 -3.110114298760890961e-02 -9.461201727390289307e-02 -7.778430730104446411e-02
4.412064552307128906e-01 -8.754026144742965698e-02 -3.709541559219360352e-01 -2.033500671386718750e-01 -2.435986399650573730e-01 -1.755289435386657715e-01
3.611467778682708740e-01 -1.183275058865547180e-01 -2.618397399783134460e-02 1.220049858093261719e-01 1.248533576726913452e-01 -1.772892624139785767e-01
-2.572215795516967773e-01 -1.251825839281082153e-01 1.247998178005218506e-01 1.586639881134033203e-02 -5.585165321826934814e-02 -3.709701001644134521e-01
-1.271339785307645798e-02 2.676413161680102348e-03 -3.745268099009990692e-03 3.267771098762750626e-03 -1.714841090142726898e-02 -1.071784831583499908e-02
7.899309694766998291e-02 -4.678284376859664917e-02 5.393818393349647522e-02 4.347772523760795593e-02 4.933851957321166992e-01 2.327612191438674927e-01
8.344277739524841309e-04 -1.367876082658767700e-01 8.600003272294998169e-02 -2.654739841818809509e-02 -1.298446059226989746e-01 9.518609941005706787e-02
-1.525433151982724667e-03 -2.340764505788683891e-03 -4.767280537635087967e-03 6.422166246920824051e-03 -7.122710812836885452e-03 1.653656654525548220e-04
-1.857396960258483887e-01 1.137789562344551086e-01 -9.504406154155731201e-02 -8.414300531148910522e-02 -2.181238532066345215e-01 1.774750053882598877e-01
1.369570475071668625e-02 1.109265163540840149e-01 1.327396333217620850e-01 3.388372063636779785e-01 -3.346758186817169189e-01 6.751517951488494873e-02
-1.108328346163034439e-02 1.095691416412591934e-02 6.686012446880340576e-02 2.136249542236328125e-01 -1.064791530370712280e-01 -1.594999432563781738e-01
1.149484664201736450e-01 2.433146908879280090e-02 1.031542569398880005e-01 2.350369095802307129e-01 -3.517788648605346680e-02 -3.268475830554962158e-01
-1.177557408809661865e-01 2.471636533737182617e-01 -1.533987820148468018e-01 -7.283276319503784180e-02 1.630832999944686890e-01 -1.794193089008331299e-01
1.742625981569290161e-01 -8.974879980087280273e-03 6.584013998508453369e-02 2.247876226902008057e-01 2.879332285374403000e-03 -4.119042456150054932e-01
-2.084531188011169434e-01 1.404513418674468994e-01 -2.262552827596664429e-01 -1.000841781497001648e-01 1.982138454914093018e-01 -1.313957870006561279e-01
1.227544993162155151e-02 1.321944128721952438e-02 -1.156482286751270294e-02 5.512678530067205429e-03 -4.193936940282583237e-03 2.781807677820324898e-03
-2.826315760612487793e-01 6.425055265426635742e-01 3.226415216922760010e-01 7.200905121862888336e-03 2.785540223121643066e-01 -1.070109978318214417e-01
1.168175861239433289e-01 -5.100978072732686996e-03 -6.121971085667610168e-02 8.018904179334640503e-02 2.317166328430175781e-02 -3.647971153259277344e-01
2.721691317856311798e-02 5.523931235074996948e-03 1.006988584995269775e-01 3.550570923835039139e-03 1.152854934334754944e-01 1.009369194507598877e-01
1.367284059524536133e-01 -2.501028478145599365e-01 2.597545087337493896e-01 1.340334117412567139e-01 -2.906025052070617676e-01 1.944885700941085815e-01
4.444768130779266357e-01 -1.233924478292465210e-01 -3.097181320190429688e-01 4.096283912658691406e-01 -1.295601427555084229e-01 6.299987435340881348e-02
-9.339041709899902344e-01 -3.941493853926658630e-02 -2.542329765856266022e-02 1.512867957353591919e-01 -7.588718831539154053e-02 7.451298087835311890e-02
6.977685540914535522e-02 -1.063316315412521362e-01 -4.286835193634033203e-01 -8.291926234960556030e-02 -1.097743734717369080e-01 -2.626328468322753906e-01
2.173752188682556152e-01 -2.564559876918792725e-01 -2.194482088088989258e-01 5.640943348407745361e-02 -1.114778860937803984e-04 2.086118608713150024e-02
5.570084452629089355e-01 -9.191725403070449829e-02 -3.912165164947509766e-01 -6.366053223609924316e-02 -2.304837554693222046e-01 6.803280115127563477e-02
1.560262404382228851e-02 -8.497638255357742310e-02 9.652244858443737030e-03 -5.440798401832580566e-02 -1.649435907602310181e-01 -1.318381130695343018e-01
-9.511543810367584229e-02 4.935251548886299133e-03 2.762872539460659027e-02 7.961393147706985474e-02 -9.781586378812789917e-02 -1.096425801515579224e-01
-4.541002586483955383e-02 3.654489666223526001e-02 -1.596085876226425171e-01 -5.331385508179664612e-02 2.075120657682418823e-01 2.462423294782638550e-01
-2.407143712043762207e-01 2.379864603281021118e-01 -3.820678591728210449e-02 -2.037864625453948975e-01 -1.649861633777618408e-01 1.520020216703414917e-01
-4.466489553451538086e-01 -8.391623198986053467e-02 1.006347984075546265e-01 -2.158534526824951172e-02 -5.139741301536560059e-01 2.087433487176895142e-01
-1.832475885748863220e-02 1.159030720591545105e-01 -7.549404352903366089e-02 7.502765208482742310e-02 -1.017374619841575623e-01 -2.025436423718929291e-02
-3.478005900979042053e-02 -1.850816756486892700e-01 6.524364650249481201e-02 2.967373654246330261e-02 1.585122942924499512e-01 -9.096939116716384888e-02
1.090822100639343262e+00 1.101295500993728638e-01 -1.975821405649185181e-01 1.417345087975263596e-02 -5.613087862730026245e-02 2.280703186988830566e-02
-3.913482651114463806e-02 1.616017706692218781e-02 4.266674816608428955e-01 -6.939930841326713562e-03 -3.966218531131744385e-01 2.849377393722534180e-01
-5.465367808938026428e-03 -2.550703883171081543e-01 -1.131647080183029175e-01 5.727689713239669800e-02 -3.239874541759490967e-02 1.780940592288970947e-02
-1.061649434268474579e-02 1.129710022360086441e-02 6.813970953226089478e-02 2.193770557641983032e-01 -1.058438643813133240e-01 -1.618210375308990479e-01
3.945851325988769531e-02 -4.946922138333320618e-02 -1.357564888894557953e-02 -7.074824720621109009e-02 3.199856281280517578e-01 1.716385185718536377e-01
1.494154985994100571e-02 -7.180535048246383667e-02 -1.690914779901504517e-01 -1.164411455392837524e-01 -1.083405762910842896e-01 -2.389215379953384399e-01
1.165588200092315674e-01 -1.352308783680200577e-02 -6.277288794517517090e-01 2.860310077667236328e-01 -4.707955121994018555e-01 1.480638533830642700e-01
7.759008556604385376e-03 -1.345587521791458130e-01 4.761103913187980652e-02 -4.211906809359788895e-03 5.920829772949218750e-01 -4.880504682660102844e-02
-8.791486918926239014e-02 1.674075871706008911e-01 -2.074173837900161743e-01 3.353720158338546753e-02 -6.780315190553665161e-02 -2.707126736640930176e-02
-7.389297336339950562e-02 -1.172902956604957581e-01 -9.626869857311248779e-02 -5.314869922585785389e-04 2.867157161235809326e-01 -4.520890489220619202e-02
-3.125694766640663147e-02 2.938513271510601044e-02 4.790015518665313721e-03 -7.377475500106811523e-03 -1.935918070375919342e-02 -5.801599938422441483e-03
-3.648453578352928162e-02 2.966723591089248657e-02 6.901768501847982407e-03 -8.441251702606678009e-03 -2.426665462553501129e-02 -1.224155165255069733e-02
3.006359636783599854e-01 -2.830168306827545166e-01 -5.038515850901603699e-02 8.520209044218063354e-02 1.392656713724136353e-01 4.062088951468467712e-02
5.963711068034172058e-03 6.432858109474182129e-02 -1.040942594408988953e-01 -7.256720215082168579e-02 1.661256700754165649e-01 -5.328522622585296631e-02
-4.445149749517440796e-02 1.954293623566627502e-02 4.049800634384155273e-01 6.802629679441452026e-02 -3.937323391437530518e-01 2.654722034931182861e-01
1.575465500354766846e-01 -3.829352185130119324e-02 2.020953148603439331e-01 -1.684917882084846497e-02 -3.400158882141113281e-01 9.550156444311141968e-02
-4.121052566915750504e-03 2.979534566402435303e-01 2.092306464910507202e-01 -2.736208736896514893e-01 1.097143813967704773e-01 1.670684516429901123e-01
-1.061024814844131470e-01 1.349106896668672562e-03 2.454501837491989136e-01 -9.112846851348876953e-02 -3.664734065532684326e-01 2.808338403701782227e-01
