-1.156160514801740646e-02
-4.769649356603622437e-03
-6.870877742767333984e-02
1.147213950753211975e-01
-7.725816965103149414e-02
5.871458351612091064e-02
2.194363325834274292e-01
1.483342796564102173e-01
-5.170411895960569382e-06
3.342153131961822510e-01
3.953952714800834656e-02
-3.417418003082275391e-01
2.284153364598751068e-02
3.564185276627540588e-02
-2.331869304180145264e-02
-5.602876469492912292e-02
-1.759285055413783994e-06
1.147645413875579834e-01
-1.016797497868537903e-01
-4.656475037336349487e-02
6.372995674610137939e-02
2.311732620000839233e-02
-6.500852853059768677e-02
-2.939575910568237305e-01
-2.439528517425060272e-02
-8.169964887201786041e-03
1.566751897335052490e-01
1.557544767856597900e-01
-1.524443359812721610e-04
3.121971189975738525e-01
-2.343780652154237032e-04
-7.499171624658629298e-05
1.132068857550621033e-01
1.257193684577941895e-01
1.306998729705810547e-01
2.083889842033386230e-01
-3.158083418384194374e-03
-4.150060936808586121e-02
-4.250553611200302839e-04
-2.142260968685150146e-01
-1.759147155098617077e-03
2.667234539985656738e-01
-1.239850595593452454e-01
-1.031488427543081343e-04
-4.104818403720855713e-02
-4.675218090415000916e-02
-1.291134655475616455e-01
-5.269203029456548393e-07
-8.727150410413742065e-02
-1.029231771826744080e-01
8.844451606273651123e-02
-4.039123450638726354e-05
-1.033218726515769958e-01
-2.302319370210170746e-02
1.988736353814601898e-02
7.706606388092041016e-02
-6.606737617403268814e-03
-1.690145432949066162e-01
-6.119622848927974701e-03
-4.062496736878529191e-05
-1.181499828817322850e-05
1.422222256660461426e-01
-3.202349180355668068e-04
9.111595153808593750e-02
