-1.396511448547244072e-03
-7.421483844518661499e-02
3.004005178809165955e-02
-3.915219753980636597e-02
-3.993422978965099901e-06
3.106058388948440552e-02
-3.860297054052352905e-02
3.006234392523765564e-02
3.346768394112586975e-02
-1.398018270037937327e-07
-1.778377481969073415e-04
-4.862213609158061445e-05
-2.378068864345550537e-03
4.815090075135231018e-02
-1.301167756319046021e-01
-9.636558388592675328e-05
1.277390285395085812e-03
-1.308350316975293026e-08
-1.291995399554934920e-09
2.375131845474243164e-02
-2.735639363527297974e-02
-6.843809969723224640e-04
-3.048846591857667931e-11
-1.343095755146350712e-05
-5.175822169625230489e-22
-4.913918935453112413e-21
-1.199544574781441497e-09
2.903443062677979469e-03
-2.869031080091945489e-18
3.649717941880226135e-02
3.282978432253003120e-03
-3.918140009045600891e-02
