-5.280812382698059082e-01 -5.632693320512771606e-02 -1.771978735923767090e-01 1.002492755651473999e-02 2.177647687494754791e-02 2.046355977654457092e-02
9.284277446568012238e-03 -1.594396121799945831e-02 3.874686732888221741e-02 1.451422227546572685e-03 3.386200219392776489e-02 5.724505335092544556e-02
-2.801308035850524902e-02 2.069160789251327515e-01 -1.116904690861701965e-01 6.644753366708755493e-02 1.888264566659927368e-01 6.284399330615997314e-02
1.377343665808439255e-02 9.508004039525985718e-02 -3.493806719779968262e-02 -6.952185183763504028e-02 -1.644921153783798218e-01 5.488329753279685974e-02
2.202991209924221039e-02 4.480350296944379807e-03 1.504209041595458984e-01 -7.989423722028732300e-02 -2.400950491428375244e-01 2.925566136837005615e-01
4.403713718056678772e-02 1.460613906383514404e-01 -7.255984004586935043e-03 -2.721082651987671852e-03 2.774440646171569824e-01 2.955507300794124603e-02
7.000107318162918091e-02 -4.277915135025978088e-02 4.936440289020538330e-02 2.628164365887641907e-02 -6.895093619823455811e-02 -1.283963471651077271e-01
-4.850547909736633301e-01 7.491755764931440353e-03 3.586779236793518066e-01 4.832049831748008728e-02 -2.060126662254333496e-01 1.788104623556137085e-01
3.735639211299712770e-07 -3.622844246820022818e-07 1.736202079882787075e-07 2.506455132333940128e-08 1.441236008759005927e-06 1.539414370199665427e-06
7.953923195600509644e-02 1.278919726610183716e-02 -4.641172662377357483e-02 1.714415550231933594e-01 -7.214573770761489868e-02 -2.069440186023712158e-01
5.206699669361114502e-02 -1.431860867887735367e-02 -1.995094716548919678e-01 -1.950092315673828125e-01 -3.195972442626953125e-01 1.555957943201065063e-01
-5.320433154702186584e-02 -4.719487950205802917e-02 -8.261728100478649139e-03 1.107811778783798218e-01 3.355896472930908203e-01 -3.487451933324337006e-03
-8.535421453416347504e-03 -1.098712086677551270e-01 1.201128587126731873e-01 -2.286783710587769747e-04 -7.879290729761123657e-02 5.494528636336326599e-02
-7.467966526746749878e-03 4.465501289814710617e-03 -7.513478863984346390e-03 6.148606538772583008e-03 -1.692381314933300018e-02 -2.153560519218444824e-02
-1.163646392524242401e-02 2.047433145344257355e-02 -1.865526102483272552e-02 -4.834208637475967407e-03 2.713562920689582825e-02 1.000151690095663071e-02
8.056102693080902100e-02 -1.858318001031875610e-01 -1.479807347059249878e-01 -2.156400866806507111e-02 -6.929375231266021729e-02 7.508206367492675781e-02
5.826233291372773238e-07 -1.647311052010991261e-07 8.135167206546611851e-09 -1.822509574367359164e-07 9.800219231692608446e-07 3.035958116015535779e-07
-2.457209862768650055e-02 3.148317337036132812e-02 -1.604810170829296112e-02 2.324238594155758619e-04 -5.224982276558876038e-03 -2.736651897430419922e-02
-1.482187658548355103e-01 1.514426767826080322e-01 -2.473617494106292725e-01 -1.702941060066223145e-01 2.143896669149398804e-01 1.675532199442386627e-02
-3.387333825230598450e-03 -1.080321799963712692e-02 1.794363185763359070e-02 -9.562391787767410278e-04 5.688554421067237854e-02 4.192527383565902710e-03
-3.632446750998497009e-02 -4.259890690445899963e-02 1.323027908802032471e-01 -3.150520613417029381e-03 -9.293746203184127808e-02 2.862050943076610565e-02
-8.362025953829288483e-03 6.415391713380813599e-02 -5.722063034772872925e-02 -1.936204964295029640e-03 6.752341520041227341e-03 -3.314667567610740662e-02
1.353510171175003052e-01 3.850623071193695068e-01 3.593445569276809692e-02 -2.272975444793701172e-02 9.832210838794708252e-02 2.703550271689891815e-02
-1.173700988292694092e-01 -1.522825192660093307e-02 -4.921266436576843262e-02 6.793761998414993286e-02 2.438120245933532715e-01 4.124388098716735840e-02
-2.590988297015428543e-03 -1.077239518053829670e-03 1.002234290353953838e-03 2.810487931128591299e-04 -6.953183095902204514e-03 1.751859486103057861e-02
-4.841986083192750812e-05 -6.888284115120768547e-04 -1.213316645589657128e-04 5.552547736442647874e-05 1.250731642358005047e-03 1.380135305225849152e-03
1.289881318807601929e-01 2.166599780321121216e-02 -5.007896944880485535e-02 -3.805877268314361572e-02 -9.349169582128524780e-02 -4.693435132503509521e-02
5.391131639480590820e-01 1.253745406866073608e-01 2.189063280820846558e-01 1.510520279407501221e-02 8.785948157310485840e-02 -1.532347798347473145e-01
-7.542880098299065139e-07 -6.444949121942045167e-06 -1.761336534400470555e-06 1.395844492435571738e-06 4.646066736313514411e-05 5.318052353686653078e-05
-8.220888674259185791e-02 4.314246121793985367e-03 -8.312360942363739014e-02 1.417712569236755371e-01 5.692004039883613586e-02 -3.262103796005249023e-01
-5.051970219938084483e-06 -7.752521923976019025e-06 2.417015821265522391e-06 -5.152196536073461175e-06 8.350613643415272236e-05 7.287965854629874229e-05
1.777495162968989462e-05 1.192688796436414123e-05 9.479657819611020386e-06 -5.608543688140343875e-06 -3.631198705988936126e-05 -4.648671165341511369e-05
4.276799410581588745e-02 -8.106171153485774994e-03 -1.749509871006011963e-01 -1.349090337753295898e-01 -2.778705656528472900e-01 8.705752342939376831e-02
-5.458012968301773071e-02 -1.097717806696891785e-01 2.844865322113037109e-01 -3.811808228492736816e-01 -1.462939530611038208e-01 -7.376551628112792969e-02
1.325675994157791138e-01 -6.314393877983093262e-02 5.695210695266723633e-01 -6.423233151435852051e-01 -9.554770775139331818e-03 -2.079100161790847778e-01
1.671722829341888428e-01 3.627537190914154053e-02 -6.655649095773696899e-02 -5.342949554324150085e-02 -1.076942682266235352e-01 -6.413148343563079834e-02
8.621984761703060940e-07 -3.358134126756340265e-04 -1.115065424528438598e-05 2.688410313567146659e-05 4.990761517547070980e-04 8.375743636861443520e-04
-3.058814909309148788e-03 7.097790390253067017e-02 2.801761776208877563e-02 3.455602750182151794e-02 4.732837155461311340e-02 6.435336917638778687e-02
7.970996307449240703e-08 -5.022189361625351012e-05 5.553382607104140334e-07 2.948528617707779631e-06 4.863978756475262344e-05 7.852619455661624670e-05
-4.096087440848350525e-02 -1.153127476572990417e-01 -2.244653925299644470e-02 1.109694391489028931e-01 2.885375320911407471e-01 -7.866860926151275635e-02
1.141725169873097911e-05 -1.685751485638320446e-04 -1.188893838843796402e-05 1.579369927640073001e-05 3.244830004405230284e-04 5.266767111606895924e-04
2.756520872935652733e-03 5.980274453759193420e-02 -9.276618063449859619e-02 -5.765308812260627747e-02 -1.042338237166404724e-01 -8.642438054084777832e-02
4.689677953720092773e-01 -1.910367794334888458e-02 -1.063506528735160828e-01 6.825677119195461273e-03 -4.873474687337875366e-02 7.682113349437713623e-02
-3.593782366806408390e-06 3.781713076023152098e-07 1.913449523271992803e-06 -1.534224907118186820e-06 3.378104884177446365e-05 3.842571459244936705e-05
8.761754259467124939e-03 -5.267700180411338806e-03 -1.086415955796837807e-03 3.153333906084299088e-03 1.593513414263725281e-02 2.148542366921901703e-02
-8.041749894618988037e-02 3.270843029022216797e-01 3.895540907979011536e-02 -2.060809545218944550e-02 5.423779785633087158e-02 2.522762492299079895e-02
6.061109155416488647e-02 -1.890369690954685211e-02 -1.762342266738414764e-02 -4.695166274905204773e-02 1.677505113184452057e-02 1.236980110406875610e-01
9.588948302052813233e-08 2.373581509118594113e-08 -2.103242024986684555e-09 -3.737669729275694408e-09 1.840555228227458429e-07 1.540842760050509241e-07
-1.784177310764789581e-02 -1.277003139257431030e-01 -1.152671873569488525e-02 6.754873692989349365e-02 1.413497030735015869e-01 -6.469008326530456543e-02
5.062624067068099976e-02 -7.175278663635253906e-02 3.545781597495079041e-02 1.008140109479427338e-02 1.393590122461318970e-01 1.015745028853416443e-01
-7.689066231250762939e-02 3.141234815120697021e-02 -4.178318008780479431e-02 5.898187402635812759e-03 -1.388831157237291336e-02 -4.946192353963851929e-02
5.191690775063761976e-07 -2.142973926311242394e-06 -3.094070848419505637e-07 6.135912826721323654e-07 1.086908923753071576e-05 1.409609103575348854e-05
-3.172234445810317993e-02 4.229394719004631042e-02 -1.632288694381713867e-01 -1.113247275352478027e-01 1.422258466482162476e-01 5.796495825052261353e-03
-7.860276382416486740e-04 -1.061598658561706543e-01 1.039923131465911865e-01 2.007310045883059502e-03 -2.703307569026947021e-02 5.308886989951133728e-02
4.241606593132019043e-02 -1.309927552938461304e-01 5.379268899559974670e-02 1.464808476157486439e-03 6.861961632966995239e-02 1.589946299791336060e-01
8.505540899932384491e-03 6.426385790109634399e-02 -2.190920896828174591e-02 -4.372816532850265503e-02 -1.105477437376976013e-01 3.711573407053947449e-02
3.612241148948669434e-02 -1.597203761339187622e-01 1.160114165395498276e-02 -1.740176696330308914e-03 8.833051472902297974e-02 1.388251781463623047e-01
1.214838773012161255e-01 -1.591873764991760254e-01 -2.289844155311584473e-01 -1.211060658097267151e-01 -1.573283970355987549e-01 2.004085332155227661e-01
-7.048988481983542442e-05 -8.016031933948397636e-04 -2.523443799873348325e-05 3.000223478011321276e-05 5.457115476019680500e-04 1.119326567277312279e-03
9.321772267867345363e-06 -2.537284444770193659e-06 -9.734844752529170364e-07 9.175165018859843258e-07 9.901791599986609071e-06 1.476019679103046656e-05
1.047430714606889524e-06 -5.001326996989519102e-08 3.804032644438848365e-07 -3.961987005141054397e-08 2.330322786292526871e-06 3.434813606872921810e-06
-4.226540029048919678e-01 1.175816580653190613e-01 -4.111775755882263184e-02 1.083622779697179794e-02 2.547705471515655518e-01 -8.841840177774429321e-02
5.283787031657993793e-04 -1.418032043147832155e-04 -3.359347756486386061e-04 3.711556491907685995e-04 -3.036465786863118410e-04 1.168146554846316576e-04
1.594148278236389160e-01 -8.566586673259735107e-02 2.196068763732910156e-01 -2.311819493770599365e-01 -6.359915435314178467e-02 -2.224703133106231689e-01
